   1.0000000e+00   1.0142743e+01
   1.1000000e+00   1.0886142e+01
   1.2000000e+00   1.1684026e+01
   1.3000000e+00   1.2540391e+01
   1.4000000e+00   1.3459521e+01
   1.5000000e+00   1.4446018e+01
   1.6000000e+00   1.5504819e+01
   1.7000000e+00   1.6641223e+01
   1.8000000e+00   1.7860919e+01
   1.9000000e+00   1.9170010e+01
   2.0000000e+00   2.0575049e+01
   2.1000000e+00   2.2083069e+01
   2.2000000e+00   2.3701616e+01
   2.3000000e+00   2.5438793e+01
   2.4000000e+00   2.7303294e+01
   2.5000000e+00   2.9304451e+01
   2.6000000e+00   3.1452280e+01
   2.7000000e+00   3.3757532e+01
   2.8000000e+00   3.6231743e+01
   2.9000000e+00   3.8887298e+01
   3.0000000e+00   4.1737489e+01
   3.1000000e+00   4.4796580e+01
   3.2000000e+00   4.8079883e+01
   3.3000000e+00   5.1603831e+01
   3.4000000e+00   5.5386062e+01
   3.5000000e+00   5.9445506e+01
   3.6000000e+00   6.3802482e+01
   3.7000000e+00   6.8478796e+01
   3.8000000e+00   7.3497855e+01
   3.9000000e+00   7.8884778e+01
   4.0000000e+00   8.4666528e+01
   4.1000000e+00   9.0872043e+01
   4.2000000e+00   9.7532383e+01
   4.3000000e+00   1.0468088e+02
   4.4000000e+00   1.1235332e+02
   4.5000000e+00   1.2058810e+02
   4.6000000e+00   1.2942644e+02
   4.7000000e+00   1.3891257e+02
   4.8000000e+00   1.4909398e+02
   4.9000000e+00   1.6002161e+02
   5.0000000e+00   1.7175017e+02
   5.1000000e+00   1.8433836e+02
   5.2000000e+00   1.9784919e+02
   5.3000000e+00   2.1235027e+02
   5.4000000e+00   2.2791419e+02
   5.5000000e+00   2.4461884e+02
   5.6000000e+00   2.6254784e+02
   5.7000000e+00   2.8179092e+02
   5.8000000e+00   3.0244439e+02
   5.9000000e+00   3.2461163e+02
   6.0000000e+00   3.4840359e+02
   6.1000000e+00   3.7393935e+02
   6.2000000e+00   4.0134671e+02
   6.3000000e+00   4.3076286e+02
   6.4000000e+00   4.6233503e+02
   6.5000000e+00   4.9622123e+02
   6.6000000e+00   5.3259107e+02
   6.7000000e+00   5.7162660e+02
   6.8000000e+00   6.1352317e+02
   6.9000000e+00   6.5849050e+02
   7.0000000e+00   7.0675365e+02
   7.1000000e+00   7.5855417e+02
   7.2000000e+00   8.1415135e+02
   7.3000000e+00   8.7382344e+02
   7.4000000e+00   9.3786911e+02
   7.5000000e+00   1.0066089e+03
   7.6000000e+00   1.0803869e+03
   7.7000000e+00   1.1595724e+03
   7.8000000e+00   1.2445616e+03
   7.9000000e+00   1.3357800e+03
   8.0000000e+00   1.4336842e+03
   8.1000000e+00   1.5387641e+03
   8.2000000e+00   1.6515456e+03
   8.3000000e+00   1.7725934e+03
   8.4000000e+00   1.9025132e+03
   8.5000000e+00   2.0419552e+03
   8.6000000e+00   2.1916175e+03
   8.7000000e+00   2.3522490e+03
   8.8000000e+00   2.5246539e+03
   8.9000000e+00   2.7096949e+03
   9.0000000e+00   2.9082982e+03
   9.1000000e+00   3.1214578e+03
   9.2000000e+00   3.3502408e+03
   9.3000000e+00   3.5957920e+03
   9.4000000e+00   3.8593406e+03
   9.5000000e+00   4.1422056e+03
   9.6000000e+00   4.4458028e+03
   9.7000000e+00   4.7716517e+03
   9.8000000e+00   5.1213833e+03
   9.9000000e+00   5.4967480e+03
   1.0000000e+01   5.8996245e+03
