291 298
[ 0.0, 0.0, 0.0 ]
[ 291.0, 298.0, 0.0 ]
[ 0.0, 298.0, 0.0 ]
[ 223.0, 17.0, 0.0 ]
[ 238.0, 31.0, 0.0 ]
[ 259.0, 57.0, 0.0 ]
[ 259.0, 79.0, 0.0 ]
[ 257.0, 105.0, 0.0 ]
[ 263.0, 115.0, 0.0 ]
[ 258.0, 121.0, 0.0 ]
[ 255.0, 157.0, 0.0 ]
[ 260.0, 167.0, 0.0 ]
[ 260.0, 175.0, 0.0 ]
[ 255.0, 179.0, 0.0 ]
[ 250.0, 182.0, 0.0 ]
[ 251.0, 188.0, 0.0 ]
[ 251.0, 196.0, 0.0 ]
[ 248.0, 201.0, 0.0 ]
[ 250.0, 208.0, 0.0 ]
[ 248.0, 212.0, 0.0 ]
[ 241.0, 214.0, 0.0 ]
[ 241.0, 226.0, 0.0 ]
[ 235.0, 233.0, 0.0 ]
[ 226.0, 238.0, 0.0 ]
[ 208.0, 238.0, 0.0 ]
[ 196.0, 233.0, 0.0 ]
[ 188.0, 241.0, 0.0 ]
[ 179.0, 249.0, 0.0 ]
[ 178.0, 255.0, 0.0 ]
[ 191.0, 265.0, 0.0 ]
[ 204.0, 273.0, 0.0 ]
[ 219.0, 282.0, 0.0 ]
[ 234.0, 291.0, 0.0 ]
[ 243.0, 297.0, 0.0 ]
[ 169.0, 257.0, 0.0 ]
[ 154.0, 255.0, 0.0 ]
[ 134.0, 253.0, 0.0 ]
[ 109.0, 252.0, 0.0 ]
[ 86.0, 251.0, 0.0 ]
[ 66.0, 246.0, 0.0 ]
[ 51.0, 242.0, 0.0 ]
[ 38.0, 253.0, 0.0 ]
[ 28.0, 268.0, 0.0 ]
[ 10.0, 285.0, 0.0 ]
[ 66.0, 236.0, 0.0 ]
[ 80.0, 229.0, 0.0 ]
[ 94.0, 216.0, 0.0 ]
[ 100.0, 199.0, 0.0 ]
[ 101.0, 179.0, 0.0 ]
[ 93.0, 171.0, 0.0 ]
[ 86.0, 156.0, 0.0 ]
[ 79.0, 138.0, 0.0 ]
[ 76.0, 122.0, 0.0 ]
[ 69.0, 94.0, 0.0 ]
[ 69.0, 80.0, 0.0 ]
[ 70.0, 61.0, 0.0 ]
[ 79.0, 37.0, 0.0 ]
[ 98.0, 27.0, 0.0 ]
[ 116.0, 25.0, 0.0 ]
[ 124.0, 10.0, 0.0 ]
[ 152.0, 6.0, 0.0 ]
[ 174.0, 5.0, 0.0 ]
[ 194.0, 6.0, 0.0 ]
[ 211.0, 15.0, 0.0 ]
[ 236.0, 129.0, 0.0 ]
[ 214.0, 129.0, 0.0 ]
[ 201.0, 130.0, 0.0 ]
[ 158.0, 137.0, 0.0 ]
[ 176.0, 141.0, 0.0 ]
[ 201.0, 144.0, 0.0 ]
[ 222.0, 150.0, 0.0 ]
[ 222.0, 162.0, 0.0 ]
[ 237.0, 171.0, 0.0 ]
[ 237.0, 137.0, 0.0 ]
[ 250.0, 136.0, 0.0 ]
[ 253.0, 131.0, 0.0 ]
[ 230.0, 181.0, 0.0 ]
[ 240.0, 182.0, 0.0 ]
[ 248.0, 196.0, 0.0 ]
[ 241.0, 198.0, 0.0 ]
[ 234.0, 203.0, 0.0 ]
[ 228.0, 207.0, 0.0 ]
[ 239.0, 211.0, 0.0 ]
[ 232.0, 211.0, 0.0 ]
[ 125.0, 188.0, 0.0 ]
[ 136.0, 198.0, 0.0 ]
[ 148.0, 206.0, 0.0 ]
[ 167.0, 216.0, 0.0 ]
[ 183.0, 223.0, 0.0 ]
[ 196.0, 230.0, 0.0 ]
[ 130.0, 138.0, 0.0 ]
[ 117.0, 139.0, 0.0 ]
[ 112.0, 147.0, 0.0 ]
[ 112.0, 156.0, 0.0 ]
[ 121.0, 167.0, 0.0 ]
[ 193.0, 86.0, 0.0 ]
[ 203.0, 84.0, 0.0 ]
[ 224.0, 90.0, 0.0 ]
[ 236.0, 90.0, 0.0 ]
[ 249.0, 85.0, 0.0 ]
[ 183.0, 91.0, 0.0 ]
[ 170.0, 94.0, 0.0 ]
[ 160.0, 111.0, 0.0 ]
[ 157.0, 133.0, 0.0 ]
[ 139.0, 137.0, 0.0 ]
[ 159.0, 124.0, 0.0 ]
[ 190.0, 181.0, 0.0 ]
[ 190.0, 200.0, 0.0 ]
[ 199.0, 217.0, 0.0 ]
[ 212.0, 225.0, 0.0 ]
[ 191.0, 136.0, 0.0 ]
[ 254.0, 154.0, 0.0 ]
[ 243.0, 158.0, 0.0 ]
[ 248.0, 153.0, 0.0 ]
[ 232.0, 128.0, 0.0 ]
[ 244.0, 130.0, 0.0 ]
[ 254.0, 125.0, 0.0 ]
[ 250.0, 127.0, 0.0 ]
[ 219.0, 146.0, 0.0 ]
[ 221.0, 162.0, 0.0 ]
[ 248.0, 147.0, 0.0 ]
[ 257.0, 162.0, 0.0 ]
[ 239.0, 171.0, 0.0 ]
[ 245.0, 169.0, 0.0 ]
[ 249.0, 169.0, 0.0 ]
[ 251.0, 191.0, 0.0 ]
[ 231.0, 206.0, 0.0 ]
[ 234.0, 210.0, 0.0 ]
[ 239.0, 206.0, 0.0 ]
[ 244.0, 205.0, 0.0 ]
[ 243.0, 219.0, 0.0 ]
[ 218.0, 237.0, 0.0 ]
[ 201.0, 234.0, 0.0 ]
[ 229.0, 235.0, 0.0 ]
[ 209.0, 279.0, 0.0 ]
[ 183.0, 243.0, 0.0 ]
[ 136.0, 226.0, 0.0 ]
[ 149.0, 225.0, 0.0 ]
[ 160.0, 231.0, 0.0 ]
[ 169.0, 235.0, 0.0 ]
[ 174.0, 243.0, 0.0 ]
[ 163.0, 239.0, 0.0 ]
[ 156.0, 227.0, 0.0 ]
[ 127.0, 227.0, 0.0 ]
[ 125.0, 238.0, 0.0 ]
[ 125.0, 249.0, 0.0 ]
[ 72.0, 48.0, 0.0 ]
[ 90.0, 33.0, 0.0 ]
[ 6.0, 2.0, 0.0 ]
[ 43.0, 5.0, 0.0 ]
[ 88.0, 2.0, 0.0 ]
[ 4.0, 78.0, 0.0 ]
[ 4.0, 133.0, 0.0 ]
[ 4.0, 186.0, 0.0 ]
[ 1.0, 242.0, 0.0 ]
[ 1.0, 269.0, 0.0 ]
[ 52.0, 158.0, 0.0 ]
[ 31.0, 113.0, 0.0 ]
[ 33.0, 204.0, 0.0 ]
[ 40.0, 38.0, 0.0 ]
[ 25.0, 54.0, 0.0 ]
[ 66.0, 13.0, 0.0 ]
[ 222.0, 153.0, 0.0 ]
[ 261.0, 172.0, 0.0 ]
[ 248.0, 147.0, 0.0 ]
[ 225.0, 145.0, 0.0 ]
[ 228.0, 172.0, 0.0 ]
[ 230.0, 177.0, 0.0 ]
[ 232.0, 173.0, 0.0 ]
[ 260.0, 153.0, 0.0 ]
[ 268.0, 125.0, 0.0 ]
[ 269.0, 132.0, 0.0 ]
[ 267.0, 139.0, 0.0 ]
[ 266.0, 144.0, 0.0 ]
[ 249.0, 178.0, 0.0 ]
[ 259.0, 161.0, 0.0 ]
[ 261.0, 167.0, 0.0 ]
[ 260.0, 155.0, 0.0 ]
[ 258.0, 160.0, 0.0 ]
[ 231.0, 142.0, 0.0 ]
[ 242.0, 140.0, 0.0 ]
[ 210.0, 154.0, 0.0 ]
[ 189.0, 151.0, 0.0 ]
[ 218.0, 143.0, 0.0 ]
[ 225.0, 143.0, 0.0 ]
[ 252.0, 145.0, 0.0 ]
[ 251.0, 142.0, 0.0 ]
[ 252.0, 150.0, 0.0 ]
[ 245.0, 140.0, 0.0 ]
[ 199.0, 153.0, 0.0 ]
[ 204.0, 155.0, 0.0 ]
[ 215.0, 157.0, 0.0 ]
[ 206.0, 147.0, 0.0 ]
[ 184.0, 142.0, 0.0 ]
[ 193.0, 144.0, 0.0 ]
[ 164.0, 140.0, 0.0 ]
[ 147.0, 143.0, 0.0 ]
[ 158.0, 145.0, 0.0 ]
[ 172.0, 149.0, 0.0 ]
[ 180.0, 150.0, 0.0 ]
[ 217.0, 155.0, 0.0 ]
[ 235.0, 141.0, 0.0 ]
[ 212.0, 148.0, 0.0 ]
[ 222.0, 168.0, 0.0 ]
[ 231.0, 171.0, 0.0 ]
[ 238.0, 168.0, 0.0 ]
[ 249.0, 149.0, 0.0 ]
[ 224.0, 171.0, 0.0 ]
[ 227.0, 150.0, 0.0 ]
[ 237.0, 143.0, 0.0 ]
[ 230.0, 148.0, 0.0 ]
[ 256.0, 156.0, 0.0 ]
[ 268.0, 135.0, 0.0 ]
[ 264.0, 135.0, 0.0 ]
[ 263.0, 143.0, 0.0 ]
[ 260.0, 148.0, 0.0 ]
[ 265.0, 130.0, 0.0 ]
[ 258.0, 132.0, 0.0 ]
[ 262.0, 130.0, 0.0 ]
[ 264.0, 128.0, 0.0 ]
[ 258.0, 131.0, 0.0 ]
[ 263.0, 126.0, 0.0 ]
[ 264.0, 123.0, 0.0 ]
[ 260.0, 122.0, 0.0 ]
[ 258.0, 127.0, 0.0 ]
[ 257.0, 116.0, 0.0 ]
[ 254.0, 121.0, 0.0 ]
[ 251.0, 124.0, 0.0 ]
[ 255.0, 121.0, 0.0 ]
[ 259.0, 120.0, 0.0 ]
[ 254.0, 97.0, 0.0 ]
[ 254.0, 92.0, 0.0 ]
[ 251.0, 82.0, 0.0 ]
[ 259.0, 111.0, 0.0 ]
[ 256.0, 140.0, 0.0 ]
[ 253.0, 151.0, 0.0 ]
[ 247.0, 146.0, 0.0 ]
[ 250.0, 142.0, 0.0 ]
[ 255.0, 136.0, 0.0 ]
[ 253.0, 147.0, 0.0 ]
[ 263.0, 150.0, 0.0 ]
[ 265.0, 148.0, 0.0 ]
[ 264.0, 155.0, 0.0 ]
[ 269.0, 144.0, 0.0 ]
[ 269.0, 141.0, 0.0 ]
[ 255.0, 145.0, 0.0 ]
[ 211.0, 188.0, 0.0 ]
[ 218.0, 198.0, 0.0 ]
[ 200.0, 166.0, 0.0 ]
[ 30.0, 12.0, 0.0 ]
[ 41.0, 13.0, 0.0 ]
[ 277.0, 181.0, 0.0 ]
[ 260.0, 261.0, 0.0 ]
[ 215.0, 259.0, 0.0 ]
[ 256.0, 145.0, 0.0 ]
[ 264.0, 15.0, 0.0 ]
